-0.5728409 0.6967095 4.258734
2.785245 -0.6327379 3.0379
1.555734 -0.2853078 3.422441
-1.081163 -0.6702601 3.942816
1.872565 0.726055 3.37003
0.8001516 0.9136106 4.020425
2.007877 0.5904585 4.137153
0.05056828 0.8463973 3.588895
0.009859979 0.574562 4.216452
-2.197381 0.08572066 3.270269
1.504392 0.8761719 3.73257
-1.609698 0.4400054 3.731498
2.33 -0.11 3.368585
-1.544342 0.9872168 3.19927
0.459363 0.1925565 3.603873
0.716575 -0.4288293 3.519584
1.933262 0.2361361 3.581711
2.591419 -0.08786023 2.942321
1.197 0.9447104 4.409502
1.195238 0.2163843 4.242752
2.075302 -0.6563736 4.112546
-0.588233 0.1540176 4.182704
2.573343 0.9343387 2.811021
-1.161948 -0.1035451 4.14679
-2.114457 0.6094064 3.589503
-1.464228 0.1409999 3.094533
3.13386 0.004317403 2.825817
-2.356069 -0.7870225 2.779238
1.354546 -0.4534699 4.151254
-1.797405 -0.07843482 3.761299
-2.905362 0.6299385 2.906341
-1.627268 -0.2539138 3.079317
2.493312 -0.3628246 3.812547
2.848441 -0.3292981 3.432304
-0.4138758 -0.1804732 3.708549
-1.69099 -0.5871277 3.580143
3.275159 -0.8550651 3.22797
0.1620769 -0.04792774 3.976458
-1.100099 0.7241873 4.190612
-2.187963 -0.5569835 3.448901
1.104996 0.5674447 3.819745
2.739671 0.164198 3.484905
2.513856 0.7636679 3.839576
1.710161 -0.8602408 3.762218
2.270005 -0.6581154 3.056561
-0.5338783 -0.8276491 4.379992
2.296665 0.3608848 3.088243
-1.096122 0.449864 3.455479
0.1209598 -0.6179532 3.598785
0.3270253 -0.9849634 3.970868

