1.763505 0.1671773 3.716515
-1.257851 -0.9596689 3.868269
2.108098 0.4142928 2.967937
0.4537716 0.02817333 4.28344
-1.478361 -0.04292953 3.930848
-0.839262 -0.9967704 4.193504
-2.524745 0.1491016 2.678103
0.294 -0.8639257 3.90719
0.2343601 -0.5214715 4.300602
0.7111898 -0.5923717 3.476727
-0.8696042 -0.2579886 4.124727
1.171458 0.378309 4.187272
-1.596589 0.4875519 3.491682
-0.7336695 0.3505604 3.755396
-2.591495 0.7726766 3.445548
1.607985 -0.1438395 3.100796
-1.878423 -0.5130651 3.132506
-2.009603 0.568 3.12455
0.7361516 -0.9918988 4.409931
-2.77578 -0.8894238 3.188495
0.2580346 0.9889976 3.51897
-1.748319 -0.5880175 4.168658
2.240081 -0.8707657 2.654653
-3.165807 -0.1607951 3.163327
2.698594 -0.7261274 3.112405
-0.09135707 -0.09199345 4.082483
2.919751 0.09437168 3.14202
-0.4212299 -0.2377208 3.52004
-0.05625849 -0.903966 3.902263
-2.258748 0.9633695 3.86343
-2.55917 0.144951 3.626068
2.394802 0.9719312 2.621541
1.04666 -0.1395689 4.137784
2.231864 -0.3585907 2.695114
0.3800278 0.6273798 4.375487
-0.4132106 -0.474703 4.349412
1.689362 -0.8229148 4.032366
-0.04871274 0.4334103 3.869946
1.094938 0.2458755 3.310378
1.753305 -0.9622798 2.960649
2.034434 -0.5440936 3.446799
-2.775907 -0.5035591 2.801676
0.8502604 0.3741295 3.797641
-1.413863 0.5215515 4.086895
-0.9626105 0.9405083 4.150408
-2.063797 -0.06087625 3.867924
1.340601 0.8543443 3.543258
-1.742433 -0.977608 3.491511
-3.101605 0.8551807 3.09336
-0.8773873 -0.5895438 3.554668

