1.737004 -0.4865407 3.737621
-0.8445249 -0.9208093 3.8829
-0.6596098 0.4219606 3.845149
-1.960892 0.4649813 3.635617
-0.6117804 0.9256968 3.687953
-1.457468 0.2567992 4.254227
-2.250309 -0.8003404 2.853665
-1.3204 0.8997388 3.595036
1.760743 -0.6369953 3.244455
-2.781699 -0.397812 3.522397
2.808153 -0.9723902 3.375161
-2.128522 -0.1580738 3.935526
-0.1863909 -0.6929274 3.565849
1.842153 0.4767427 3.754765
-3.000868 0.4519618 2.947677
-1.041492 -0.1126181 4.046303
1.094337 0.8444178 3.940669
-2.201842 0.1291826 3.064926
0.9490792 0.01248896 4.124057
-0.0648756 0.9456117 4.338109
0.615335 -0.7990239 4.23236
-0.06415522 0.1326306 4.051783
-0.09337747 -0.6000254 4.253713
-1.712069 0.08112597 3.190539
2.832945 -0.02681983 3.21447
1.982268 0.4229257 2.890037
-1.163383 0.5179999 3.660713
-2.117832 -0.4104863 3.145591
2.32714 -0.5942812 2.870346
-1.914132 -0.7841949 3.837879
0.4221045 0.07057548 4.318687
0.3132192 -0.3032831 3.994888
0.4373636 0.554487 3.522066
2.357646 0.8233688 3.0629
2.296636 -0.6708775 3.531008
-1.737205 0.7139411 4.072102
0.9731989 -0.296 3.625261
-1.47 -0.3840001 3.234677
1.871064 -0.23 2.958763
1.536532 0.884639 3.172585
-0.7349632 -0.3540109 4.415731
-0.9113669 0.9448276 4.314916
-2.921246 -0.6589262 2.911566
-2.702733 0.1038182 3.271052
-2.653134 0.8200381 3.358556
2.16023 0.01088583 3.603563
-2.646785 0.6440001 2.947
-3.2485 0.9194391 3.218561
0.6082879 -0.8243189 3.490772
-2.623108 -0.1948155 2.757221

