-1.864887 -0.5309486 3.845569
-1.301602 0.8688014 3.481749
-1.610083 0.214638 4.04288
2.118358 0.4882207 3.537381
-0.02603401 0.6820505 4.457888
0.2003538 -0.7916996 3.582308
-2.099909 -0.2256747 3.098567
2.803896 -0.8656218 3.256474
2.735052 0.1703975 3.162011
-1.134348 -0.194729 3.967651
0.6137681 -0.3981956 3.543665
0.9342992 0.2630754 3.734954
1.525754 -0.6768811 3.39044
-2.605626 -0.5438628 3.370306
-1.519229 0.7274487 3.96615
-2.741407 0.1436751 2.851574
-0.3879362 0.2979779 4.35708
-2.884076 0.9903014 3.270479
-0.7736495 -0.5344138 3.511636
-2.135088 0.9954612 4.009533
2.235701 -0.08296788 3.430424
0.8099799 0.7521908 3.941084
2.29875 -0.912708 3.024292
-2.074037 -0.7165024 3.31382
-0.353831 -0.4549192 4.283814
-3.100452 -0.2651284 3.043051
2.211875 -0.3514112 2.756222
-0.0335266 0.296 3.615776
-1.450888 -0.5677764 3.375293
-2.244722 0.4995677 3.827608
-0.2946988 -0.1440001 3.514539
2.377549 0.9651873 2.532408
0.4118431 0.2405164 4.141748
2.088768 0.9962392 3.244066
-1.281963 -0.9891088 3.664921
-0.5819604 0.3908195 3.618474
2.777751 -0.3629988 2.922784
-2.090256 0.2927425 2.894656
-1.365988 -0.9462376 4.31457
2.081484 -0.8154941 3.916509
1.061513 0.6196482 3.331584
-2.17591 0.7652431 3.124786
-0.9729528 0.7173495 4.30478
0.5099218 0.7079849 3.446792
0.2730413 -0.7138107 4.141776
1.148291 -0.3971456 3.644202
1.49851 -0.9014535 3.980158
1.535318 -0.08069074 3.500011
0.1476598 -0.2195204 4.336849
1.547567 0.284647 3.136763

