1.925048 0.7686067 3.832766
-1.172842 0.2753308 3.413489
2.739396 0.070467 3.218965
-0.9692289 0.6221228 4.150971
1.662 -0.7867923 3.689393
-0.3168125 0.8065794 4.046439
-2.638531 -0.450204 3.493941
1.881347 0.4695621 3.35926
2.493715 -0.8529999 3.430046
-1.697462 0.5555007 4.012293
-2.148709 0.9451659 3.846667
-0.8350347 0.9851546 3.523378
0.7381744 0.08969045 4.187176
0.1329874 0.9695418 3.894425
0.7953846 0.660059 3.912919
0.1044199 -0.1526915 3.629543
-1.380683 0.8892989 3.472039
1.018234 0.06092405 3.689253
-2.731225 0.593555 2.648
1.18469 -0.6266334 3.309911
-0.6691315 -0.4332272 3.514845
-0.8125284 0.2694182 3.817473
-2.741494 -0.9298606 3.903
2.174836 -0.9254866 2.804354
-2.304404 -0.6244707 2.818794
-0.001188517 -0.548413 3.953509
-2.679814 -0.9319453 2.631269
-2.803879 -0.03901207 2.902078
-1.151635 -0.8583879 4.369668
1.406781 0.9305131 3.95973
2.378521 -0.4772515 2.630905
2.769561 -0.43461 3.383705
-2.348281 -0.101 3.219451
-0.3967691 0.277653 4.176659
-1.606492 -0.1842555 3.869988
2.414167 0.4550505 3.399274
-0.4284053 -0.747843 4.163128
2.188002 -0.125681 3.071065
-2.051677 0.2411568 3.586393
1.196857 -0.6201947 4.285359
-2.046691 -0.9518096 3.395525
0.0727979 0.3864696 4.350558
1.85108 -0.5132508 3.474592
-2.801244 0.1312754 3.530981
1.232874 0.6021962 3.441044
-1.442499 -0.8000853 3.262948
-1.256 -0.8932519 3.909776
-2.950014 0.8006089 3.360821
2.52 0.514523 2.926363
-1.783771 -0.05999994 3.10431

