2.051683 -0.526432 3.734433
1.023171 0.3587632 4.096247
0.1461056 0.8114824 4.314887
-2.292089 0.7974739 3.727073
-0.346282 0.4661577 4.299525
0.8649063 -0.8764009 3.651288
-1.180803 -0.290774 4.250228
2.299821 -0.9524629 2.612075
-2.072315 -0.8821175 2.979758
0.9622042 -0.7695289 4.270264
0.3096837 -0.3200067 3.937551
2.451703 -0.809252 3.167575
-2.234437 0.07612252 3.022467
-3.108671 -0.9400997 3.239553
1.746272 -0.01452315 3.865703
0.3415657 -0.9910715 3.53652
2.332249 0.4174986 3.713866
-0.9831593 -0.8938916 3.411789
-0.2436252 -0.3369001 4.114404
-2.748693 0.6585286 2.65903
1.452619 0.3299999 3.342562
0.5091519 0.3034794 3.500379
-2.445853 -0.3509148 2.771952
-1.154898 -0.3406447 3.377952
-1.460998 0.7140074 3.865716
0.8191823 -0.1800624 4.369081
-0.7774529 0.9850667 3.973688
2.432021 0.9295282 3.584725
1.379783 0.7369447 4.097154
1.531754 -0.8804209 3.043
-0.7158782 0.04935324 3.890329
-2.081227 -0.2437514 3.405137
2.04995 0.6010001 3.20561
1.170751 -0.2316669 3.893268
-1.814258 0.6824481 3.310645
-1.303085 -0.6385972 3.759805
-1.018765 0.7739956 3.551134
1.984323 -0.09468472 3.112944
0.1664402 0.1001465 4.280119
-1.415464 0.002569556 3.701195
-2.003268 -0.212797 4.003119
1.582846 -0.9060647 3.838021
0.250301 -0.8688898 4.142221
-0.3241235 -0.8843119 4.418702
2.280317 0.1960001 2.598222
2.919454 -0.1012765 3.225552
-2.872807 0.5088167 3.158649
1.173022 0.974576 3.450115
1.865904 0.6138761 3.81575
2.668672 -0.492005 3.508742

