1.472503 -0.8046987 4.009
0.2341307 -0.5442264 3.714499
-0.9855883 -0.02699995 3.448885
-1.529058 0.7650353 4.125557
-1.887563 -0.4719907 3.275394
2.289521 -0.373 3.104156
-0.01520193 0.2364789 3.753828
-1.31182 -0.202 3.293441
-2.627839 -0.7760425 3.729562
1.876564 -0.9620664 2.899126
2.599403 -0.7664914 3.503012
2.076897 0.907796 2.910104
1.45199 -0.1011451 3.993176
-2.243139 -0.03103197 3.860849
-1.306573 0.2289222 4.243159
2.33905 -0.03582489 3.673552
0.320105 0.7274133 3.754771
-1.878815 0.2800001 3.376122
-0.6419344 0.3755966 4.439139
0.9135764 -0.535553 3.929172
1.851393 -0.9342947 3.969096
-0.5271537 0.09152925 3.886154
1.937288 0.9175111 3.599774
-2.510131 0.4052912 2.837859
0.6097909 0.09113944 3.921723
-0.03483701 0.5285751 4.403309
-3.07589 -0.8257396 3.37308
-0.06515896 -0.3070444 4.150687
2.381412 0.439593 3.452852
-2.662663 0.539991 3.431821
0.2683507 -0.9964573 4.293271
-0.5128405 -0.2396857 4.477263
-1.224559 0.8622657 3.465746
-2.806638 -0.2563368 2.987181
1.043472 0.1420001 3.341875
1.605553 0.6946083 4.098333
-0.281884 0.7988077 3.527724
-2.515847 0.9055835 3.795897
2.719858 0.9545923 3.025129
-0.9421957 -0.3689896 4.119012
-3.166905 0.4299566 3.223524
2.654582 0.1564552 2.837444
-1.834963 0.2819299 4.040119
-2.303275 -0.9249332 2.85766
1.453597 0.4356428 3.501685
-1.360538 -0.5006051 3.814925
-0.4079051 -0.9883568 4.017236
-2.903934 -0.7325876 2.825295
-1.741668 -0.8198698 4.069752
-2.330983 0.8999192 2.797446

