0.8906616 0.4359885 3.753556
2.378324 -0.3720187 3.48148
1.044892 0.278695 4.294971
2.019682 -0.3398646 3.873946
-1.894124 0.4576904 3.544008
-1.701036 -0.06861579 3.698386
-0.5323883 0.5237345 3.807641
-0.9437673 0.3327719 3.487984
-0.125 0.4440001 3.724245
2.128403 0.8081416 3.243
2.431805 0.5527529 3.13215
1.314691 -0.08522522 3.873665
2.100368 -0.5884829 3.030029
1.303688 0.2424668 3.378011
0.9199393 0.9588474 3.777234
-2.09256 -0.5529962 2.994063
-1.728102 -0.9750404 3.662355
-3.102422 -0.6104176 3.132451
0.2772848 0.2646617 4.218561
-2.590673 0.678172 2.559646
-0.9938095 -0.8899887 3.408849
0.1377035 0.7967848 4.346256
-1.702514 0.1710156 4.209704
-1.423584 0.7350739 3.324236
-2.444651 0.5366248 3.282192
-2.612606 -0.2598344 2.809886
-2.675946 -0.9413164 3.471683
2.331485 -0.7683229 2.569367
1.740328 -0.05799997 3.344964
2.780003 0.9375805 3.435595
-0.9189448 -0.4750758 4.02564
2.162627 0.09125149 3.139567
-1.423178 0.9109248 4.020733
1.54086 -0.7947874 3.766119
1.395475 0.7621969 4.206762
-0.4803408 -0.809866 4.416092
-0.1059062 -0.6265972 4.040878
0.1000281 -0.2907335 3.578834
-2.886699 -0.1087319 3.317316
0.6279105 -0.6255684 4.305288
0.02834272 -0.1595234 4.320269
0.4772894 -0.9373987 3.518062
2.071048 0.395806 3.775639
0.743045 -0.136957 3.419261
1.050132 -0.5743773 3.570143
-0.7835429 -0.1771775 3.60851
-2.91075 0.772952 3.237679
-0.6007774 0.1913275 4.405283
2.841907 0.06093562 3.237033
-2.174027 -0.4333135 3.741404

