1.251669 -0.3846172 3.604968
2.167076 0.33 2.732437
2.144912 -0.9697683 3.467631
-2.491048 0.6721003 3.324074
0.1344387 0.5324202 4.365968
-1.970108 0.5782909 3.09078
0.1816349 -0.6960096 3.57861
0.1903197 -0.02085936 4.440008
-0.7889235 -0.3155109 4.126015
2.717286 0.03572452 3.146824
-0.1102493 0.6370878 3.566261
-2.329184 0.0232538 2.837286
1.571097 -0.9171591 3.322369
1.719493 0.7539582 4.024564
-1.637728 -0.2276908 3.180664
2.468418 -0.4413918 3.61738
-2.461806 0.1002699 3.52625
-0.3197534 -0.3078336 3.932718
2.172011 0.2063681 3.346749
1.995096 -0.9830267 2.952764
-1.545672 0.1288289 3.814962
0.4974631 -0.2303635 4.063722
2.164811 -0.406304 2.874029
-1.84398 0.5467453 3.659999
-0.8495305 0.7936456 4.377053
0.9297255 -0.01600003 3.42923
0.599 0.7293653 3.539209
-1.078453 -0.04108846 3.684622
-1.882235 -0.9049177 3.828744
1.945508 0.7477796 3.428106
-2.916638 -0.02825248 2.83014
-0.8541158 -0.9820867 4.3029
2.522908 -0.671385 3.125151
1.722525 0.2281498 4.064209
1.036549 0.7817371 4.030295
1.637933 0.08156884 3.09667
-1.490044 -0.565572 3.665358
-2.3227 -0.6372869 2.918478
-0.6267867 0.3497319 3.885874
-2.30894 -0.4588748 3.576667
-1.393296 0.7627873 3.726759
1.818683 -0.3689405 3.723108
2.596512 0.7559462 3.195216
-0.3582826 0.6945407 4.307369
-1.350208 0.4864426 4.327003
0.08458418 0.1370996 3.709366
1.482026 -0.7622037 4.167579
-2.959821 -0.8199048 3.183005
1.188832 0.2303077 3.861019
-0.05142741 -0.9847674 4.376318

