1.896616 0.7454195 3.298478
1.269418 -0.4814442 3.92828
2.338234 -0.7253697 3.235671
-0.7630911 0.2918251 3.580174
-1.500244 -0.1704959 3.508865
2.887718 -0.1746048 3.128446
1.616695 -0.1285957 3.305166
-1.73226 0.3683851 4.094887
0.7721009 0.6669822 4.14121
2.690064 0.3779504 3.33873
-0.3553764 -0.8213835 4.38506
2.137881 0.2059125 3.111087
-0.3024416 0.1737009 4.412754
-1.809945 0.6639999 3.156021
-0.6746411 -0.9914088 3.538444
-2.512775 -0.3446895 3.360646
-1.124234 -0.6967132 3.777159
1.693922 0.3453722 3.751671
-0.8929691 0.6524434 4.373279
-2.786177 0.3079212 3.586483
-1.310639 -0.1325969 4.177983
-0.1911076 -0.02010143 3.699987
0.7398231 -0.2038554 4.166546
-1.960435 0.04290974 3.545257
-3.122989 0.7376747 3.313923
1.081717 0.9769725 3.685902
-2.076705 -0.7973726 3.335958
2.203574 -0.28728 3.529686
-2.369107 0.5725815 3.824454
0.357526 -0.6934016 4.312666
-1.791874 -0.6040144 4.074781
-2.119518 -0.1291081 2.955156
-2.525867 -0.9000916 2.800699
0.6235926 0.2970001 3.533752
1.520523 -0.6445842 3.462247
-2.768727 -0.110468 2.865035
0.1411321 0.482024 3.649578
-3.077429 -0.591876 3.010299
-2.492752 0.910447 3.467818
2.583365 0.5582294 2.819616
1.014319 -0.9255967 3.403956
0.093964 -0.6995513 3.660707
-0.3171614 0.794476 3.71397
1.346104 -0.0648433 4.23796
-0.8948427 -0.8619053 4.246276
0.9485766 0.002880692 3.679202
-0.8340036 0.9383687 3.651148
-2.438612 0.2262536 2.627875
0.1384918 -0.09810364 4.283113
-1.692875 -0.921325 3.697674

