0.0006679296 0.3703251 3.95842
-0.6795778 -0.9902117 3.480078
-0.855196 -0.2611133 3.822126
0.6441742 0.8463099 4.045177
1.97229 0.9777763 3.552788
-1.756191 0.634892 4.068819
2.023856 0.2910802 2.804251
2.041617 -0.5528343 3.091972
2.141825 0.3637326 3.341012
1.052 -0.9117992 3.495917
1.233754 0.4895465 3.801585
2.300892 -0.124 2.533592
-1.069485 0.7286086 3.444854
-2.362826 0.5345361 3.155051
2.089816 -0.865793 3.69225
-2.28596 0.07780027 3.177
-2.807715 -0.7071161 2.871491
2.127229 -0.2777499 3.755949
1.730774 0.5461442 3.677661
1.133785 -0.1619588 4.092514
2.804969 0.1877799 2.991439
-2.588428 0.989192 3.167108
-1.289661 0.2764573 3.652379
-1.383886 -0.2245075 4.275337
1.56396 -0.9022052 4.118711
-2.775489 -0.7795861 3.49969
0.6083862 -0.3284866 3.591443
0.7496682 0.2288017 4.052014
2.654759 -0.3847018 3.155666
-0.324228 -0.9838159 4.372339
-0.286152 0.1866827 4.475884
0.5403963 -0.7082074 4.090963
-0.6917713 0.4470885 3.870229
-1.395717 -0.6630824 3.679582
-0.9873395 0.3411777 4.353568
-2.889872 0.3398454 2.798416
-0.001307964 -0.9985197 3.83734
1.060999 0.7805979 3.346309
-2.998643 0.02286947 3.424388
0.7754833 0.49 3.51471
1.790425 0.009967446 4.032213
1.351679 0.2421484 3.323037
0.2722277 -0.2126485 4.26421
-0.8201439 -0.7337773 4.15195
-2.0731 -0.122996 3.385093
2.381845 -0.9671364 3.27958
-2.281388 -0.2739999 2.8953
1.565888 0.9689479 3.109179
-2.0229 0.6423769 3.520642
-0.3754815 0.726871 3.573254

