1.688063 -0.6731434 3.403043
0.06203275 0.3889821 4.345024
2.122662 -0.372 2.84337
-1.923281 0.8266385 3.080717
1.976362 -0.01522243 3.826728
-0.5667493 0.338335 4.035493
-0.6132762 -0.9580543 4.008971
-2.606949 0.7836416 2.63942
1.429062 -0.9088166 4.096724
1.679546 0.191507 3.223768
-2.305481 0.232509 3.345946
0.6851541 0.009169459 3.559733
0.6319324 -0.424601 3.900714
1.832956 0.6675532 3.781843
2.406936 0.886507 3.547788
-1.017498 0.5569587 4.309344
2.524547 -0.1501895 3.158764
0.6040456 0.7387717 3.905134
0.2951644 -0.8099365 3.547228
1.061817 0.9148676 4.147517
-1.49717 0.989558 3.305692
-0.2078409 -0.5958359 4.429991
-0.4695428 0.8948398 4.065347
-1.101361 -0.9186561 4.148713
-1.275375 -0.4327129 4.031885
-2.773254 -0.9539797 3.306783
2.636 -0.6936045 2.681057
-2.747322 0.7497361 3.500603
-1.760113 -0.3826846 3.902435
0.2939348 -0.6334906 4.327012
1.996492 0.538 3.113544
-1.905 -0.3360058 3.345844
1.228982 0.07182729 4.001617
-2.300672 -0.6709185 2.97941
-1.040614 0.9675834 3.629088
2.924785 0.5160632 3.123382
-1.240437 0.3770056 3.476578
2.613312 0.228 2.738357
0.9567786 -0.9352779 3.777975
1.271405 -0.2526118 3.38933
-0.1310063 0.7861531 3.503684
0.3356368 0.9351807 4.393638
-1.519887 0.2459639 4.169034
-2.009003 0.7023053 3.585749
2.423326 -0.8032422 3.16858
-2.597855 0.2514913 2.935706
-2.902917 0.07969224 3.487854
1.943572 -0.9215477 2.93085
-0.1153283 -0.08954346 3.596778
2.356726 0.2783329 3.595778

