-1.108568 -0.08805096 3.983572
-2.095 -0.05924022 3.33024
-2.687007 0.8134854 3.578297
2.437739 0.9392142 3.634202
-2.084857 0.9603748 3.488816
-1.60983 -0.0852505 3.809848
-2.694149 0.6350005 2.631381
1.304072 -0.1702386 3.650867
0.4864604 -0.6004276 4.013796
-2.588409 -0.7316465 2.700059
-2.780133 -0.562253 3.241802
2.843031 -0.4661001 3.155277
1.626574 -0.9814692 3.922017
-1.672123 -0.5831578 3.615042
-0.02167612 0.9861689 3.891754
-0.1397775 -0.0214988 4.185609
2.178478 0.5884421 2.799941
1.404894 -0.9645157 3.188116
-2.995043 0.4871137 3.128793
-0.1590778 -0.9957085 3.647448
1.527242 0.3922546 3.861351
3.031026 0.7060564 3.149618
1.895636 -0.392 2.88728
0.4426873 0.2833045 3.686634
1.696801 0.681967 3.226135
-0.7877783 0.7117133 4.42529
-1.62086 0.7131951 4.121247
2.402047 0.03986752 3.487192
-0.795 -0.7733986 3.524031
-1.299122 -0.8172293 4.319112
2.551099 -0.7712486 3.566553
0.118698 0.5579293 4.157067
0.6673304 0.9908531 4.232651
-1.125974 0.05522239 3.38802
-1.108 0.6441371 3.840035
-1.862513 0.3761144 3.473271
-0.6179453 -0.5104895 4.051804
-0.1649689 0.3107052 3.571854
-1.677458 0.7618217 3.175107
-0.3098506 -0.9177692 4.416509
1.779442 -0.4781352 3.833339
-2.875458 -0.04295814 3.531709
2.686853 0.3295696 3.001773
0.8907118 0.3130012 3.963964
0.8323212 -0.7983868 3.479141
1.123208 -0.07643616 4.2467
2.039737 0.07321131 3.794
0.3069499 0.7465534 3.549878
-0.7019781 0.1541117 4.355532
-2.225838 -0.2028018 2.860803

