-1.035763 0.6967094 4.258734
1.47034 0.2361361 3.581711
2.03039 -0.3628246 3.812547
2.322323 -0.6327379 3.0379
2.128497 -0.08786023 2.942321
2.385519 -0.3292981 3.432304
-0.3419623 -0.6179531 3.598785
-0.003559038 0.1925565 3.603873
-2.905362 0.6299384 2.906341
1.833743 0.3608847 3.088243
0.2536529 -0.4288293 3.519584
-2.09019 -0.2539138 3.079317
1.409643 0.7260549 3.37003
1.61238 -0.6563737 4.112546
2.812237 -0.8550651 3.22797
0.3372295 0.9136105 4.020425
-1.051155 0.1540176 4.182704
-0.3008452 -0.04792774 3.976458
1.092812 -0.2853078 3.422441
0.7340783 0.9447103 4.409502
-0.8767978 -0.1804732 3.708549
-1.544085 -0.67026 3.942816
0.7323164 0.2163843 4.242752
-2.153912 -0.5871277 3.580143
-1.559044 0.4498641 3.455479
-0.4530621 0.5745621 4.216452
-2.577379 0.6094065 3.589503
0.6420739 0.5674446 3.819745
-2.660303 0.08572066 3.270269
-1.92715 0.3694553 3.094533
2.276749 0.164198 3.484905
1.544955 0.5904586 4.137153
2.110421 0.9343386 2.811021
-1.563021 0.7241874 4.190612
-0.4123538 0.8463972 3.588895
-1.62487 -0.1035451 4.14679
-2.650885 -0.5569835 3.448901
1.867078 -0.1691591 3.368585
0.8916242 -0.4534699 4.151254
1.807083 -0.6581154 3.056561
-2.007264 0.9872169 3.19927
-2.260327 -0.07843482 3.761299
-0.9968004 -0.8276491 4.379993
1.04147 0.8761718 3.73257
2.670938 0.004317403 2.825817
2.050934 0.7636678 3.839576
-2.07262 0.4400055 3.731498
-2.818991 -0.7870224 2.779238
1.247239 -0.8602409 3.762218
-0.1358968 -0.9849634 3.970868

